     points total_rebounds    assists    steals    blocks missed_field_goals missed_free_throws turnovers games
1  28.97561       6.109756  7.4634146 1.6951220 0.6219512          11.060976          1.4268293  4.560976    82
2  26.89231      11.492308  3.2923077 1.5538462 1.4153846          11.246154          2.8769231  3.830769    65
3  23.47500       7.825000 10.4250000 2.0375000 0.2500000           9.850000          1.3500000  4.275000    80
4  19.88312       4.922078 10.2467532 1.8831169 0.7662338          10.090909          0.9350649  4.129870    77
5  30.06329       5.443038  6.6708861 2.1392405 0.1898734          10.037975          0.4683544  3.316456    79
6  25.05333       4.026667  6.8266667 0.8666667 0.3733333          11.413333          0.6666667  3.226667    75
7  25.26316       7.434211  6.7631579 1.3684211 0.6447368           8.934211          1.7368421  3.276316    76
8  28.18056       8.180556  5.0138889 0.9583333 1.1805556           9.486111          0.7083333  3.472222    72
9  19.57692       3.884615  5.0576923 1.1730769 0.3846154          10.076923          0.5192308  3.403846    52
10 20.38710       4.032258  6.1290323 2.0322581 0.6129032           8.677419          1.0967742  3.548387    31
11 23.13580       6.950617  4.0617284 1.8765432 0.3580247          10.419753          0.9135802  3.271605    81
12 24.27869      10.278689  1.9016393 1.2786885 2.0491803           9.442623          1.7049180  1.983607    61
13 11.93056       6.041667 11.6527778 1.9583333 0.1388889           5.930556          0.8750000  3.861111    72
14 21.22078       4.740260  6.4155844 2.0519481 0.4415584           8.909091          1.2077922  2.922078    77
15 13.96296       9.493827  7.3827160 1.4691358 1.3950617           5.160494          1.2345679  3.197531    81
16 21.40000       8.400000  4.8571429 0.8000000 0.4857143           8.628571          1.5142857  2.371429    35
17 19.54054       4.189189  9.9729730 2.0540541 0.1756757           8.094595          0.4594595  2.621622    74
18 16.22222      14.790123  0.8271605 1.4691358 1.3827160           6.271605          4.6666667  1.913580    81
19 21.84722       7.722222  4.1527778 0.8611111 0.5277778          10.277778          0.9583333  2.444444    72
20 23.46154       4.474359  4.0384615 1.0384615 0.2692308           9.782051          1.2564103  2.243590    78
              player position   salary      Eff        value
1       James Harden       SG 15756438 35.83433 2.274266e-06
2   DeMarcus Cousins        C 14728844 33.74269 2.290926e-06
3  Russell Westbrook       PG 16744218 33.12815 1.978483e-06
4          John Wall       PG 15851950 30.92730 1.951009e-06
5      Stephen Curry       PG 11370786 28.63932 2.518675e-06
6     Damian Lillard       PG  4236287 28.05957 6.623624e-06
7       LeBron James       SF 22971000 27.48769 1.196626e-06
8       Kevin Durant       SF 20158622 27.22937 1.350755e-06
9     Brandon Knight       SG 12000000 26.52882 2.210735e-06
10      Eric Bledsoe       PG 13086957 26.23057 2.004329e-06
11       Paul George       SF 17120106 26.19182 1.529887e-06
12     Anthony Davis       PF  7070730 25.99658 3.676647e-06
13       Rajon Rondo       PG  9500000 25.88650 2.724894e-06
14        Kyle Lowry       PG 12000000 25.76738 2.147282e-06
15    Draymond Green       PF 14300000 24.92509 1.743013e-06
16     Blake Griffin       PF 18907725 24.86901 1.315283e-06
17        Chris Paul       PG 21468696 24.65223 1.148287e-06
18    Andre Drummond        C  3272091 24.51411 7.491879e-06
19   Carmelo Anthony       SF 22875000 24.40929 1.067073e-06
20     DeMar DeRozan       SG  9500000 24.35310 2.563484e-06
       points total_rebounds    assists     steals     blocks missed_field_goals missed_free_throws turnovers games
428 1.0588235      0.9411765 0.29411765 0.05882353 0.00000000          1.0588235         0.00000000 0.2941176    34
429 1.4736842      1.2105263 0.00000000 0.26315789 0.00000000          1.0000000         0.05263158 0.2105263    19
430 1.6000000      0.8000000 0.00000000 0.00000000 0.00000000          0.4000000         0.00000000 0.6000000     5
431 1.1666667      0.3333333 0.08333333 0.00000000 0.00000000          1.1666667         0.08333333 0.3333333    12
432 1.8000000      2.0000000 0.00000000 0.00000000 0.00000000          0.6000000         0.00000000 0.2000000     5
433 1.3125000      0.8125000 0.06250000 0.00000000 0.68750000          0.8750000         0.31250000 0.0625000    16
434 0.8571429      0.7142857 0.09523810 0.28571429 0.00000000          0.6666667         0.33333333 0.1904762    21
435 1.0000000      0.8965517 0.31034483 0.20689655 0.03448276          0.8620690         0.10344828 0.1724138    29
436 2.5333333      0.9000000 0.30000000 0.20000000 0.03333333          0.9333333         0.03333333 0.1000000    30
437 0.9200000      1.0400000 0.12000000 0.16000000 0.20000000          0.3200000         0.24000000 0.2800000    25
438 0.0000000      0.0000000 2.00000000 0.50000000 0.00000000          0.5000000         0.00000000 0.0000000     2
439 2.3333333      0.3333333 0.00000000 0.00000000 0.00000000          1.3333333         0.00000000 0.0000000     3
440 2.0000000      0.3333333 0.00000000 0.00000000 0.00000000          0.6666667         0.00000000 0.3333333     3
441 1.2500000      0.7500000 0.00000000 0.12500000 0.25000000          0.6250000         0.00000000 0.1250000     8
442 0.9473684      1.1052632 0.05263158 0.10526316 0.63157895          0.2105263         0.10526316 0.1052632    19
443 3.0000000      0.5000000 0.00000000 0.00000000 0.00000000          0.5000000         0.00000000 0.0000000     2
444 4.0000000      1.0000000 0.00000000 0.00000000 0.00000000          0.0000000         0.00000000 0.0000000     1
445 0.8333333      0.6666667 0.00000000 0.00000000 0.16666667          0.5000000         0.00000000 0.0000000     6
446 0.0000000      0.5000000 0.00000000 0.50000000 0.00000000          0.5000000         0.00000000 0.0000000     2
447 0.0000000      0.3333333 0.00000000 0.33333333 0.00000000          0.0000000         0.00000000 0.0000000     3
                    player position  salary       Eff        value
428        Pat Connaughton       SG  525093 2.4131650 4.595691e-06
429        Anthony Bennett       PF  947276 2.3698341 2.501736e-06
430          Nazr Mohammed        C  352750 2.3566713 6.680854e-06
431           Luis Montero       SG  525093 2.3462026 4.468166e-06
432           Kevon Looney       PF 1131960 2.2318918 1.971706e-06
433          Jordan Mickey       PF 1200000 2.2000591 1.833383e-06
434         Aaron Harrison       SG  525093 2.1638443 4.120878e-06
435            James Young       SG 1749840 2.1460880 1.226448e-06
436            Matt Bonner        C 1499187 2.1422839 1.428964e-06
437             Sasha Kaun        C 1300000 1.9645963 1.511228e-06
438          Nate Robinson       PG   44000 1.7233388 3.916679e-05
439            Steve Novak       PF  416886 1.6773754 4.023583e-06
440            Coty Clarke       SF   61776 1.6609652 2.688690e-05
441        Cliff Alexander       PF  525093 1.6040161 3.054728e-06
442           Joel Anthony        C 2500000 1.5615897 6.246359e-07
443 Thanasis Antetokounmpo       SF  105888 1.1758143 1.110432e-05
444       Rakeem Christmas       PF 1000000 1.1275330 1.127533e-06
445         Branden Dawson       PF  525093 0.9671497 1.841864e-06
446           J.J. O'Brien       SF  105888 0.9373281 8.852071e-06
447             Sam Dekker       SF 1646400 0.3189403 1.937198e-07
